Iteration 10:

Temperature in Omega 1:
 [[40.         15.         15.         15.        ]
 [40.         22.08447632 17.38157764 15.07028692]
 [40.         22.08190627 17.37154679 15.02270273]
 [40.         15.         15.         15.        ]]

 Temperature in Omega 2:
 [[40.         40.         40.         15.        ]
 [15.         23.022143   16.23791649 10.96348728]
 [15.         17.31014248 16.05015412 12.61603007]
 [15.         15.1682723  14.78514638 15.        ]
 [ 9.36410009 13.57779981 12.92215857 15.        ]
 [ 8.878598   11.15028935  8.32568759 15.        ]
 [15.          5.          5.          5.        ]]

 Temperature in Omega 3:
 [[15.         15.         15.         40.        ]
 [15.70525641 17.64701424 22.20164289 40.        ]
 [15.86722299 17.68115714 22.21039083 40.        ]
 [15.         15.         15.         40.        ]]